6300	12.6	0.1524	39.6	0.0584113	103.38
5000	12.6	0.1524	39.6	0.0584113	104.13
6300	15.6	0.1016	39.6	0.0528487	104.204
4000	12.6	0.1524	39.6	0.0584113	104.5
12500	1.5	0.3048	39.6	0.00392107	106.111
5000	15.6	0.1016	39.6	0.0528487	106.224
3150	12.6	0.1524	39.6	0.0584113	106.26
16000	1.5	0.3048	71.3	0.00336729	106.582
4000	15.6	0.1016	39.6	0.0528487	106.604
2500	12.6	0.1524	39.6	0.0584113	106.88
5000	12.3	0.1016	31.7	0.0418756	107.147
6300	12.3	0.1016	31.7	0.0418756	107.267
6300	12.6	0.1524	71.3	0.0483159	107.284
12500	4	0.3048	71.3	0.00497773	107.405
6300	12.3	0.1016	39.6	0.0408268	107.985
4000	12.6	0.1524	71.3	0.0483159	108.034
5000	12.6	0.1524	71.3	0.0483159	108.034
6300	15.4	0.0508	31.7	0.0289853	108.185
10000	0	0.3048	31.7	0.00331266	108.265
4000	12.3	0.1016	31.7	0.0418756	108.407
5000	12.3	0.1016	39.6	0.0408268	108.625
12500	2.7	0.1524	39.6	0.00294804	108.649
4000	19.7	0.0508	39.6	0.036484	108.684
6300	9.9	0.1524	31.7	0.0252785	108.689
16000	0	0.3048	71.3	0.00266337	108.721
10000	1.5	0.3048	39.6	0.00392107	108.991
12500	1.5	0.3048	71.3	0.00336729	109.222
3150	15.6	0.1016	39.6	0.0528487	109.254
2000	12.6	0.1524	39.6	0.0584113	109.52
12500	0	0.3048	39.6	0.00310138	109.619
20000	4	0.2286	71.3	0.00400603	109.638
6300	15.4	0.0508	39.6	0.0282593	109.663
6300	3	0.3048	31.7	0.00529514	109.718
6300	9.9	0.1524	39.6	0.0233328	109.885
5000	9.9	0.1524	31.7	0.0252785	109.949
200	17.4	0.0254	55.5	0.0165706	109.951
6300	12.3	0.1016	55.5	0.0368233	110.124
10000	3	0.3048	71.3	0.00425727	110.224
2500	15.6	0.1016	39.6	0.0528487	110.264
3150	12.3	0.1016	31.7	0.0418756	110.307
10000	7.2	0.1524	71.3	0.00752039	110.313
2500	12.3	0.1016	31.7	0.0418756	110.317
16000	2.7	0.1524	71.3	0.00243851	110.364
2000	12.3	0.1016	31.7	0.0418756	110.447
250	17.4	0.0254	55.5	0.0165706	110.491
8000	0	0.3048	31.7	0.00331266	110.515
6300	9.9	0.1524	55.5	0.0208438	110.555
8000	3	0.3048	39.6	0.00495741	110.652
6300	7.3	0.2286	31.7	0.0132672	110.689
1600	12.6	0.1524	39.6	0.0584113	110.78
6300	7.3	0.2286	39.6	0.0123481	110.839
10000	7.2	0.1524	39.6	0.00909175	110.868
2000	15.6	0.1016	39.6	0.0528487	110.894
10000	4	0.3048	71.3	0.00497773	110.905
4000	12.3	0.1016	39.6	0.0408268	110.905
5000	7.3	0.2286	31.7	0.0132672	111.029
12500	0	0.3048	55.5	0.00283081	111.076
5000	9.9	0.1524	39.6	0.0233328	111.135
10000	5.3	0.2286	71.3	0.0051942	111.35
4000	9.9	0.1524	31.7	0.0252785	111.459
6300	7.3	0.2286	55.5	0.0111706	111.534
8000	7.2	0.1524	39.6	0.00909175	111.588
3150	7.2	0.1524	39.6	0.00909175	111.818
315	17.4	0.0254	55.5	0.0165706	111.911
5000	7.3	0.2286	39.6	0.0123481	111.959
5000	12.3	0.1016	55.5	0.0368233	112.014
6300	9.9	0.1524	71.3	0.0193001	112.039
5000	9.9	0.1524	55.5	0.0208438	112.065
10000	0	0.3048	39.6	0.00310138	112.139
1250	12.6	0.1524	39.6	0.0584113	112.16
10000	3	0.3048	55.5	0.00452492	112.169
3150	9.9	0.1524	31.7	0.0252785	112.209
12500	0	0.3048	71.3	0.00266337	112.241
8000	1.5	0.3048	39.6	0.00392107	112.251
4000	9.9	0.1524	39.6	0.0233328	112.265
5000	15.4	0.0508	31.7	0.0289853	112.355
200	17.4	0.0254	71.3	0.016104	112.506
8000	4	0.2286	55.5	0.0042862	112.524
6300	5.3	0.2286	39.6	0.00614329	112.541
10000	2.7	0.1524	39.6	0.00294804	112.589
4000	7.3	0.2286	31.7	0.0132672	112.639
8000	15.4	0.0508	71.3	0.0264269	112.675
6300	7.2	0.1524	39.6	0.00909175	112.688
6300	4	0.2286	31.7	0.00509068	112.699
16000	4	0.2286	71.3	0.00400603	112.768
16000	0	0.1524	55.5	0.00172668	112.803
8000	4	0.2286	71.3	0.00400603	112.848
6300	15.4	0.0508	55.5	0.0271925	112.93
4000	9.9	0.1524	55.5	0.0208438	112.945
3150	19.7	0.0508	39.6	0.036484	113.004
12500	2.7	0.1524	71.3	0.00243851	113.034
4000	19.7	0.0508	71.3	0.0341183	113.045
3150	12.3	0.1016	39.6	0.0408268	113.055
10000	0	0.3048	55.5	0.00283081	113.076
5000	8.9	0.1016	39.6	0.0124596	113.08
10000	2	0.2286	71.3	0.00293031	113.086
10000	4	0.2286	71.3	0.00400603	113.108
6300	8.9	0.1016	39.6	0.0124596	113.11
8000	4	0.2286	39.6	0.00473801	113.129
5000	7.3	0.2286	55.5	0.0111706	113.144
3150	7.3	0.2286	31.7	0.0132672	113.229
5000	7.2	0.1524	39.6	0.00909175	113.288
16000	0	0.1524	71.3	0.0015988	113.297
4000	15.6	0.1016	71.3	0.0437259	113.298
2500	12.3	0.1016	39.6	0.0408268	113.315
8000	7.2	0.1524	71.3	0.00752039	113.333
3150	12.6	0.1524	71.3	0.0483159	113.334
10000	1.5	0.3048	71.3	0.00336729	113.492
3150	9.9	0.1524	39.6	0.0233328	113.525
8000	4	0.3048	71.3	0.00497773	113.665
5000	4	0.3048	39.6	0.00579636	113.733
6300	0	0.3048	31.7	0.00331266	113.775
250	17.4	0.0254	71.3	0.016104	113.796
8000	3	0.3048	55.5	0.00452492	113.799
5000	3	0.3048	31.7	0.00529514	113.858
6300	12.3	0.1016	71.3	0.0337792	113.958
6300	3	0.3048	39.6	0.00495741	114.042
200	17.4	0.0254	39.6	0.0172206	114.044
4000	7.3	0.2286	39.6	0.0123481	114.079
2000	12.3	0.1016	39.6	0.0408268	114.085
6300	4	0.2286	39.6	0.00473801	114.249
12500	4	0.2286	71.3	0.00400603	114.258
4000	7.2	0.1524	39.6	0.00909175	114.258
3150	7.3	0.2286	39.6	0.0123481	114.309
4000	12.3	0.1016	55.5	0.0368233	114.404
10000	12.7	0.0254	71.3	0.0121808	114.418
5000	15.4	0.0508	39.6	0.0282593	114.453
20000	0	0.2286	71.3	0.00214345	114.474
1600	12.3	0.1016	31.7	0.0418756	114.477
1600	15.6	0.1016	39.6	0.0528487	114.554
5000	9.9	0.1524	71.3	0.0193001	114.569
8000	3	0.3048	71.3	0.00425727	114.634
1000	12.6	0.1524	39.6	0.0584113	114.67
2500	7.3	0.2286	31.7	0.0132672	114.709
250	17.4	0.0254	39.6	0.0172206	114.714
2500	9.9	0.1524	31.7	0.0252785	114.729
200	12.6	0.1524	39.6	0.0584113	114.75
6300	1.5	0.3048	39.6	0.00392107	114.751
8000	0	0.3048	39.6	0.00310138	114.779
6300	17.4	0.0254	55.5	0.0165706	114.861
8000	5.3	0.2286	71.3	0.0051942	114.9
500	12.6	0.1524	39.6	0.0584113	114.9
8000	5.4	0.1524	55.5	0.00433288	114.927
16000	0	0.2286	71.3	0.00214345	114.984
4000	9.9	0.1524	71.3	0.0193001	115.079
3150	9.9	0.1524	55.5	0.0208438	115.085
6300	2	0.2286	31.7	0.00372371	115.137
315	17.4	0.0254	39.6	0.0172206	115.144
6300	15.4	0.0508	71.3	0.0264269	115.215
2500	12.6	0.1524	71.3	0.0483159	115.234
5000	7.3	0.2286	71.3	0.0104404	115.298
500	15.6	0.1016	39.6	0.0528487	115.304
2000	7.3	0.2286	31.7	0.0132672	115.309
5000	5.3	0.2286	39.6	0.00614329	115.311
10000	3.3	0.1016	39.6	0.00245138	115.321
8000	1.5	0.3048	71.3	0.00336729	115.372
10000	0	0.3048	71.3	0.00266337	115.391
10000	0	0.1524	39.6	0.00193287	115.413
400	17.4	0.0254	39.6	0.0172206	115.444
400	17.4	0.0254	55.5	0.0165706	115.461
8000	17.4	0.0254	71.3	0.016104	115.466
4000	11.2	0.0508	39.6	0.0150478	115.52
6300	5.4	0.1524	31.7	0.00525474	115.591
4000	3	0.3048	31.7	0.00529514	115.608
4000	15.4	0.0508	31.7	0.0289853	115.635
5000	0	0.3048	31.7	0.00331266	115.645
10000	3.3	0.1016	55.5	0.002211	115.659
6300	3	0.3048	55.5	0.00452492	115.679
5000	5.4	0.1524	31.7	0.00525474	115.691
5000	3	0.3048	39.6	0.00495741	115.792
4000	5.3	0.2286	39.6	0.00614329	115.801
5000	8.4	0.0508	55.5	0.00544854	115.812
6300	7.3	0.2286	71.3	0.0104404	115.818
315	17.4	0.0254	71.3	0.016104	115.846
315	22.2	0.0254	71.3	0.0214178	115.857
4000	4	0.3048	39.6	0.00579636	115.863
250	12.6	0.1524	39.6	0.0584113	115.89
10000	0	0.1016	31.7	0.00150092	115.893
400	12.6	0.1524	39.6	0.0584113	115.91
5000	4	0.2286	31.7	0.00509068	115.969
8000	2	0.2286	71.3	0.00293031	115.996
10000	12.7	0.0254	39.6	0.0130253	116.017
315	12.6	0.1524	39.6	0.0584113	116.02
200	22.2	0.0254	39.6	0.0229028	116.066
200	9.5	0.0254	39.6	0.00449821	116.074
5000	12.3	0.1016	71.3	0.0337792	116.108
500	4.8	0.0254	31.7	0.000930789	116.128
6300	3	0.3048	71.3	0.00425727	116.134
200	17.4	0.0254	31.7	0.0176631	116.146
2500	5.3	0.2286	39.6	0.00614329	116.151
6300	4	0.3048	71.3	0.00497773	116.165
4000	5.4	0.1524	31.7	0.00525474	116.181
2500	19.7	0.0508	39.6	0.036484	116.184
4000	8.9	0.1016	39.6	0.0124596	116.22
3150	19.7	0.0508	71.3	0.0341183	116.225
6300	0	0.3048	39.6	0.00310138	116.229
5000	1.5	0.3048	39.6	0.00392107	116.241
2500	9.9	0.1524	39.6	0.0233328	116.295
500	4.8	0.0254	39.6	0.000907475	116.366
6300	5.4	0.1524	71.3	0.00401199	116.411
6300	2	0.2286	39.6	0.00346574	116.417
3150	15.6	0.1016	71.3	0.0437259	116.468
8000	0	0.3048	55.5	0.00283081	116.476
630	12.6	0.1524	39.6	0.0584113	116.55
2500	7.3	0.2286	39.6	0.0123481	116.559
800	12.6	0.1524	39.6	0.0584113	116.56
6300	7.2	0.1524	71.3	0.00752039	116.603
8000	2.7	0.1524	39.6	0.00294804	116.659
6300	5.4	0.1524	39.6	0.00485029	116.677
10000	3.3	0.1016	71.3	0.00202822	116.694
5000	8.9	0.1016	71.3	0.0103088	116.723
10000	2.7	0.1524	71.3	0.00243851	116.724
3150	7.2	0.1524	71.3	0.00752039	116.783
4000	3	0.3048	39.6	0.00495741	116.792
6300	0	0.2286	31.7	0.0027238	116.815
3150	9.9	0.1524	71.3	0.0193001	116.849
2000	9.9	0.1524	31.7	0.0252785	116.859
3150	12.3	0.1016	55.5	0.0368233	116.914
6300	5.3	0.2286	71.3	0.0051942	116.92
250	9.5	0.0254	39.6	0.00449821	116.924
250	17.4	0.0254	31.7	0.0176631	116.956
10000	4.2	0.0508	39.6	0.00152689	116.967
5000	5.4	0.1524	39.6	0.00485029	117.037
2500	12.3	0.1016	55.5	0.0368233	117.054
12500	0	0.1524	71.3	0.0015988	117.087
12500	0	0.1524	55.5	0.00172668	117.093
5000	15.4	0.0508	55.5	0.0271925	117.11
1600	9.9	0.1524	31.7	0.0252785	117.119
3150	7.3	0.2286	55.5	0.0111706	117.134
4000	5.4	0.1524	39.6	0.00485029	117.137
8000	0	0.3048	71.3	0.00266337	117.151
6300	4	0.2286	55.5	0.0042862	117.154
200	0	0.3048	31.7	0.00331266	117.195
6300	8.9	0.1016	71.3	0.0103088	117.253
4000	7.3	0.2286	55.5	0.0111706	117.284
6300	5.4	0.1524	55.5	0.00433288	117.287
5000	3	0.3048	55.5	0.00452492	117.309
12500	4.2	0.0508	71.3	0.00142788	117.328
250	22.2	0.0254	39.6	0.0229028	117.386
400	17.4	0.0254	71.3	0.016104	117.396
8000	3.3	0.1016	31.7	0.00251435	117.432
6300	0	0.2286	39.6	0.00253511	117.465
2500	7.2	0.1524	39.6	0.00909175	117.478
2000	12.6	0.1524	71.3	0.0483159	117.504
500	17.4	0.0254	39.6	0.0172206	117.514
1600	19.7	0.0508	39.6	0.036484	117.604
12500	0	0.2286	71.3	0.00214345	117.624
5000	4	0.2286	39.6	0.00473801	117.649
2000	19.7	0.0508	39.6	0.036484	117.724
4000	1.5	0.3048	39.6	0.00392107	117.741
5000	4	0.3048	71.3	0.00497773	117.785
5000	0	0.3048	39.6	0.00310138	117.789
2000	7.3	0.2286	39.6	0.0123481	117.809
1600	12.3	0.1016	39.6	0.0408268	117.875
2000	5.3	0.2286	39.6	0.00614329	117.911
2000	9.9	0.1524	39.6	0.0233328	117.925
400	22.2	0.0254	71.3	0.0214178	117.927
8000	0	0.1524	31.7	0.00209405	117.957
500	22.2	0.0254	71.3	0.0214178	117.967
6300	0	0.3048	55.5	0.00283081	117.976
5000	17.4	0.0254	31.7	0.0176631	117.996
200	19.7	0.0508	71.3	0.0341183	118.005
4000	12.3	0.1016	71.3	0.0337792	118.018
8000	0	0.2286	71.3	0.00214345	118.024
3150	15.4	0.0508	31.7	0.0289853	118.045
5000	5.3	0.2286	71.3	0.0051942	118.05
630	15.6	0.1016	39.6	0.0528487	118.084
8000	3.3	0.1016	39.6	0.00245138	118.091
4000	8.4	0.0508	31.7	0.00580776	118.106
3150	3	0.3048	31.7	0.00529514	118.108
4000	15.4	0.0508	39.6	0.0282593	118.113
6300	1.5	0.3048	71.3	0.00336729	118.122
200	0	0.3048	39.6	0.00310138	118.129
5000	3	0.3048	71.3	0.00425727	118.134
10000	0	0.2286	71.3	0.00214345	118.134
4000	0	0.3048	31.7	0.00331266	118.145
1250	15.6	0.1016	39.6	0.0528487	118.214
5000	2	0.2286	31.7	0.00372371	118.267
3150	5.4	0.1524	31.7	0.00525474	118.291
5000	7.2	0.1524	71.3	0.00752039	118.343
2500	9.9	0.1524	55.5	0.0208438	118.365
2500	19.7	0.0508	71.3	0.0341183	118.385
6300	0	0.2286	55.5	0.00229336	118.41
315	17.4	0.0254	31.7	0.0176631	118.416
3150	5.3	0.2286	39.6	0.00614329	118.441
1600	9.9	0.1524	39.6	0.0233328	118.545
2000	12.3	0.1016	55.5	0.0368233	118.564
250	0	0.3048	31.7	0.00331266	118.595
6300	4	0.2286	71.3	0.00400603	118.618
1250	9.9	0.1524	31.7	0.0252785	118.619
1250	19.7	0.0508	39.6	0.036484	118.634
500	12.3	0.1016	31.7	0.0418756	118.667
4000	3	0.3048	55.5	0.00452492	118.689
630	4.8	0.0254	39.6	0.000907475	118.696
6300	2	0.2286	55.5	0.00313525	118.712
3150	4	0.3048	39.6	0.00579636	118.743
5000	5.4	0.1524	55.5	0.00433288	118.757
1250	12.3	0.1016	31.7	0.0418756	118.767
5000	22.2	0.0254	39.6	0.0229028	118.816
5000	2	0.2286	39.6	0.00346574	118.827
4000	4	0.2286	31.7	0.00509068	118.859
1000	19.7	0.0508	39.6	0.036484	118.904
3150	3	0.3048	39.6	0.00495741	118.922
5000	17.4	0.0254	55.5	0.0165706	118.941
4000	8.4	0.0508	39.6	0.00566229	118.955
800	15.6	0.1016	39.6	0.0528487	118.964
2500	7.3	0.2286	55.5	0.0111706	118.994
2500	15.6	0.1016	71.3	0.0437259	118.998
1600	7.3	0.2286	31.7	0.0132672	119.039
2000	8.9	0.1016	39.6	0.0124596	119.04
12500	0	0.0508	31.7	0.000812164	119.07
1000	7.3	0.2286	31.7	0.0132672	119.099
3150	1.5	0.3048	39.6	0.00392107	119.111
250	19.7	0.0508	71.3	0.0341183	119.115
3150	0	0.3048	31.7	0.00331266	119.135
5000	15.4	0.0508	71.3	0.0264269	119.135
3150	5.4	0.1524	39.6	0.00485029	119.137
200	9.5	0.0254	31.7	0.00461377	119.146
2500	5.4	0.1524	31.7	0.00525474	119.151
4000	4	0.2286	39.6	0.00473801	119.159
800	19.7	0.0508	39.6	0.036484	119.174
2500	8.9	0.1016	39.6	0.0124596	119.19
4000	7.3	0.2286	71.3	0.0104404	119.208
6300	2.7	0.1524	39.6	0.00294804	119.209
1000	15.6	0.1016	39.6	0.0528487	119.224
4000	0	0.3048	39.6	0.00310138	119.229
10000	0	0.1524	55.5	0.00172668	119.253
630	12.3	0.1016	31.7	0.0418756	119.287
315	9.5	0.0254	39.6	0.00449821	119.294
250	0	0.3048	39.6	0.00310138	119.319
4000	7.2	0.1524	71.3	0.00752039	119.343
3150	8.9	0.1016	39.6	0.0124596	119.35
12500	0	0.1016	71.3	0.00121072	119.375
2000	9.9	0.1524	55.5	0.0208438	119.505
500	0	0.1524	39.6	0.00193287	119.513
4000	4	0.3048	71.3	0.00497773	119.535
315	0	0.2286	55.5	0.00229336	119.54
6300	0	0.3048	71.3	0.00266337	119.541
10000	0	0.1016	39.6	0.00146332	119.561
2500	3	0.3048	31.7	0.00529514	119.598
5000	0	0.3048	55.5	0.00283081	119.606
500	17.4	0.0254	55.5	0.0165706	119.621
5000	1.5	0.3048	71.3	0.00336729	119.632
2500	9.9	0.1524	71.3	0.0193001	119.639
4000	22.2	0.0254	39.6	0.0229028	119.646
2500	4	0.2286	39.6	0.00473801	119.649
3150	11.2	0.0508	39.6	0.0150478	119.67
250	12.7	0.0254	71.3	0.0121808	119.698
20000	4.8	0.0254	71.3	0.000848633	119.708
6300	0	0.1524	31.7	0.00209405	119.737
4000	5.4	0.1524	55.5	0.00433288	119.737
1000	12.3	0.1016	31.7	0.0418756	119.777
500	17.4	0.0254	71.3	0.016104	119.806
5000	17.4	0.0254	39.6	0.0172206	119.854
1600	9.9	0.1524	55.5	0.0208438	119.875
2000	15.6	0.1016	71.3	0.0437259	119.888
12500	0	0.1016	55.5	0.00131983	119.91
6300	17.4	0.0254	71.3	0.016104	119.916
2500	15.4	0.0508	31.7	0.0289853	119.945
200	15.4	0.0508	31.7	0.0289853	119.975
400	8.4	0.0508	39.6	0.00566229	120.015
5000	4	0.2286	55.5	0.0042862	120.034
800	12.3	0.1016	31.7	0.0418756	120.037
2000	19.7	0.0508	71.3	0.0341183	120.055
1600	7.2	0.1524	39.6	0.00909175	120.058
5000	5.4	0.1524	71.3	0.00401199	120.061
400	8.4	0.0508	31.7	0.00580776	120.076
630	4.8	0.0254	31.7	0.000930789	120.078
2000	3	0.3048	31.7	0.00529514	120.088
250	9.5	0.0254	31.7	0.00461377	120.136
315	2	0.2286	39.6	0.00346574	120.137
315	2	0.2286	31.7	0.00372371	120.147
1250	12.6	0.1524	71.3	0.0483159	120.154
2500	3	0.3048	39.6	0.00495741	120.162
3150	3	0.3048	55.5	0.00452492	120.189
250	4	0.2286	31.7	0.00509068	120.189
8000	0	0.1016	31.7	0.00150092	120.193
2500	4	0.2286	31.7	0.00509068	120.209
4000	2	0.2286	39.6	0.00346574	120.227
2000	7.2	0.1524	39.6	0.00909175	120.228
3150	4	0.2286	31.7	0.00509068	120.229
2500	4	0.3048	39.6	0.00579636	120.233
4000	8.9	0.1016	71.3	0.0103088	120.243
10000	0	0.1524	71.3	0.0015988	120.247
4000	3	0.3048	71.3	0.00425727	120.264
3150	0	0.3048	39.6	0.00310138	120.319
630	19.7	0.0508	39.6	0.036484	120.324
6300	9.5	0.0254	39.6	0.00449821	120.324
4000	5.3	0.2286	71.3	0.0051942	120.33
2000	7.3	0.2286	55.5	0.0111706	120.354
8000	4.2	0.0508	39.6	0.00152689	120.397
3150	4	0.2286	39.6	0.00473801	120.419
2000	6.7	0.1016	31.7	0.00592927	120.446
3150	7.3	0.2286	71.3	0.0104404	120.458
5000	2	0.2286	55.5	0.00313525	120.472
400	15.6	0.1016	39.6	0.0528487	120.484
2500	5.4	0.1524	39.6	0.00485029	120.497
5000	0	0.2286	31.7	0.0027238	120.505
1250	7.3	0.2286	31.7	0.0132672	120.509
3150	15.4	0.0508	39.6	0.0282593	120.513
4000	2	0.2286	31.7	0.00372371	120.527
2000	3	0.3048	39.6	0.00495741	120.532
8000	2.7	0.1524	71.3	0.00243851	120.534
1600	12.6	0.1524	71.3	0.0483159	120.534
8000	12.7	0.0254	71.3	0.0121808	120.538
8000	0	0.1524	39.6	0.00193287	120.553
1250	9.9	0.1524	39.6	0.0233328	120.555
8000	3.3	0.1016	55.5	0.002211	120.569
500	0	0.1524	55.5	0.00172668	120.573
1600	19.7	0.0508	71.3	0.0341183	120.575
315	0	0.2286	31.7	0.0027238	120.595
8000	12.7	0.0254	39.6	0.0130253	120.607
4000	4	0.2286	55.5	0.0042862	120.654
630	22.2	0.0254	71.3	0.0214178	120.657
6300	3.3	0.1016	31.7	0.00251435	120.702
315	22.2	0.0254	39.6	0.0229028	120.716
6300	9.5	0.0254	31.7	0.00461377	120.726
2500	0	0.3048	31.7	0.00331266	120.755
800	4.8	0.0254	39.6	0.000907475	120.766
400	17.4	0.0254	31.7	0.0176631	120.766
2000	9.9	0.1524	71.3	0.0193001	120.779
6300	2	0.2286	71.3	0.00293031	120.786
3150	12.3	0.1016	71.3	0.0337792	120.798
2000	15.4	0.0508	31.7	0.0289853	120.835
6300	3.3	0.1016	39.6	0.00245138	120.851
3150	22.2	0.0254	39.6	0.0229028	120.856
4000	15.4	0.0508	55.5	0.0271925	120.92
400	9.5	0.0254	55.5	0.0043284	120.952
2000	4	0.3048	39.6	0.00579636	120.963
2500	1.5	0.3048	39.6	0.00392107	120.981
500	2.7	0.1524	39.6	0.00294804	121.009
315	0	0.2286	39.6	0.00253511	121.055
1600	7.3	0.2286	39.6	0.0123481	121.059
4000	0	0.3048	55.5	0.00283081	121.106
5000	4	0.2286	71.3	0.00400603	121.118
5000	8.4	0.0508	71.3	0.00529514	121.146
400	9.5	0.0254	39.6	0.00449821	121.154
1250	12.3	0.1016	39.6	0.0408268	121.165
250	15.4	0.0508	31.7	0.0289853	121.225
8000	3.3	0.1016	71.3	0.00202822	121.234
315	19.7	0.0508	71.3	0.0341183	121.235
10000	4.2	0.0508	71.3	0.00142788	121.238
2000	22.2	0.0254	39.6	0.0229028	121.256
20000	4.8	0.0254	55.5	0.000873218	121.284
5000	0	0.3048	71.3	0.00266337	121.301
2500	22.2	0.0254	39.6	0.0229028	121.306
6300	0	0.1524	39.6	0.00193287	121.313
630	12.3	0.1016	39.6	0.0408268	121.315
2500	12.3	0.1016	71.3	0.0337792	121.318
2500	2	0.2286	39.6	0.00346574	121.397
2500	0	0.3048	39.6	0.00310138	121.399
2500	2	0.2286	31.7	0.00372371	121.407
4000	5.4	0.1524	71.3	0.00401199	121.431
1600	4.8	0.0254	55.5	0.000873218	121.474
1600	15.4	0.0508	31.7	0.0289853	121.485
1250	19.7	0.0508	71.3	0.0341183	121.485
5000	2.7	0.1524	39.6	0.00294804	121.499
3150	3	0.3048	71.3	0.00425727	121.514
3150	2	0.2286	31.7	0.00372371	121.527
1600	15.6	0.1016	71.3	0.0437259	121.528
250	12.7	0.0254	39.6	0.0130253	121.547
400	8.4	0.0508	55.5	0.00544854	121.582
3150	5.4	0.1524	55.5	0.00433288	121.587
500	0	0.1524	31.7	0.00209405	121.617
3150	2	0.2286	39.6	0.00346574	121.627
1250	9.9	0.1524	55.5	0.0208438	121.635
8000	22.2	0.0254	71.3	0.0214178	121.657
2000	4	0.2286	39.6	0.00473801	121.659
400	0	0.2286	55.5	0.00229336	121.66
500	12.6	0.1524	71.3	0.0483159	121.664
4000	4	0.2286	71.3	0.00400603	121.728
4000	1.5	0.3048	71.3	0.00336729	121.762
4000	17.4	0.0254	55.5	0.0165706	121.771
3150	4	0.3048	71.3	0.00497773	121.775
200	15.4	0.0508	39.6	0.0282593	121.783
1600	9.9	0.1524	71.3	0.0193001	121.789
1600	12.3	0.1016	55.5	0.0368233	121.824
315	1.5	0.3048	39.6	0.00392107	121.851
1000	19.7	0.0508	71.3	0.0341183	121.885
4000	2.7	0.1524	39.6	0.00294804	121.889
8000	0	0.1524	55.5	0.00172668	121.903
10000	0	0.1016	55.5	0.00131983	121.93
20000	0	0.0254	55.5	0.00041229	121.933
6300	2.7	0.1524	71.3	0.00243851	121.944
4000	17.4	0.0254	31.7	0.0176631	121.996
4000	0	0.2286	31.7	0.0027238	122.035
6300	0	0.2286	71.3	0.00214345	122.044
1000	12.6	0.1524	71.3	0.0483159	122.044
5000	3.3	0.1016	31.7	0.00251435	122.082
3150	8.4	0.0508	31.7	0.00580776	122.086
1600	3	0.3048	31.7	0.00529514	122.088
2500	7.3	0.2286	71.3	0.0104404	122.088
2000	4	0.2286	31.7	0.00509068	122.089
2000	1.5	0.3048	39.6	0.00392107	122.101
400	2	0.2286	39.6	0.00346574	122.147
1000	9.9	0.1524	31.7	0.0252785	122.149
2500	11.2	0.0508	39.6	0.0150478	122.17
5000	0	0.2286	39.6	0.00253511	122.175
500	12.3	0.1016	39.6	0.0408268	122.205
1600	1.5	0.3048	39.6	0.00392107	122.211
1600	22.2	0.0254	39.6	0.0229028	122.216
2000	12.3	0.1016	71.3	0.0337792	122.218
315	4	0.2286	39.6	0.00473801	122.229
4000	2	0.2286	55.5	0.00313525	122.232
2000	6.7	0.1016	39.6	0.00578076	122.235
630	15.6	0.1016	71.3	0.0437259	122.288
400	2	0.2286	55.5	0.00313525	122.292
800	12.3	0.1016	39.6	0.0408268	122.315
8000	0	0.1016	39.6	0.00146332	122.341
1600	0	0.3048	31.7	0.00331266	122.365
5000	3.3	0.1016	39.6	0.00245138	122.371
2000	0	0.3048	31.7	0.00331266	122.375
2500	4	0.2286	55.5	0.0042862	122.384
3150	4	0.2286	55.5	0.0042862	122.394
5000	0	0.1524	31.7	0.00209405	122.397
5000	0	0.2286	55.5	0.00229336	122.41
630	17.4	0.0254	55.5	0.0165706	122.411
2500	15.4	0.0508	39.6	0.0282593	122.413
1250	7.2	0.1524	39.6	0.00909175	122.428
1000	12.3	0.1016	39.6	0.0408268	122.435
2500	3	0.3048	55.5	0.00452492	122.439
10000	0	0.0508	31.7	0.000812164	122.45
4000	11.2	0.0508	71.3	0.014072	122.471
8000	0	0.1524	71.3	0.0015988	122.527
1000	7.3	0.2286	39.6	0.0123481	122.539
630	17.4	0.0254	71.3	0.016104	122.606
4000	8.4	0.0508	55.5	0.00544854	122.612
800	4.8	0.0254	31.7	0.000930789	122.648
4000	15.4	0.0508	71.3	0.0264269	122.675
1250	9.9	0.1524	71.3	0.0193001	122.679
2000	7.3	0.2286	71.3	0.0104404	122.708
4000	17.4	0.0254	39.6	0.0172206	122.724
315	15.6	0.1016	39.6	0.0528487	122.754
315	0	0.3048	31.7	0.00331266	122.765
315	9.5	0.0254	31.7	0.00461377	122.766
2000	5.4	0.1524	31.7	0.00525474	122.771
315	0	0.3048	39.6	0.00310138	122.779
1600	3	0.3048	39.6	0.00495741	122.782
800	0	0.0508	31.7	0.000812164	122.79
2000	2	0.2286	39.6	0.00346574	122.797
5000	2	0.2286	71.3	0.00293031	122.816
315	15.4	0.0508	31.7	0.0289853	122.845
250	15.4	0.0508	39.6	0.0282593	122.893
500	8.4	0.0508	39.6	0.00566229	122.905
3150	2.7	0.1524	39.6	0.00294804	122.919
315	12.7	0.0254	71.3	0.0121808	122.938
200	15.4	0.0508	55.5	0.0271925	122.94
1000	4.8	0.0254	39.6	0.000907475	122.956
500	8.4	0.0508	31.7	0.00580776	122.966
2000	2	0.2286	31.7	0.00372371	123.037
800	12.6	0.1524	71.3	0.0483159	123.054
4000	0	0.3048	71.3	0.00266337	123.061
2000	3	0.3048	55.5	0.00452492	123.069
1600	5.3	0.2286	39.6	0.00614329	123.081
500	9.5	0.0254	55.5	0.0043284	123.082
800	17.4	0.0254	55.5	0.0165706	123.091
315	3	0.3048	31.7	0.00529514	123.118
3150	5.3	0.2286	71.3	0.0051942	123.12
5000	17.4	0.0254	71.3	0.016104	123.126
6300	22.2	0.0254	71.3	0.0214178	123.127
6300	12.7	0.0254	39.6	0.0130253	123.177
1250	15.6	0.1016	71.3	0.0437259	123.178
1250	7.3	0.2286	39.6	0.0123481	123.189
400	12.3	0.1016	31.7	0.0418756	123.207
800	7.3	0.2286	31.7	0.0132672	123.209
1600	4	0.3048	39.6	0.00579636	123.213
20000	0	0.0254	71.3	0.000400682	123.217
800	22.2	0.0254	71.3	0.0214178	123.227
3150	0	0.3048	55.5	0.00283081	123.236
1250	15.4	0.0508	31.7	0.0289853	123.255
3150	8.9	0.1016	71.3	0.0103088	123.263
400	4	0.2286	55.5	0.0042862	123.274
6300	0	0.1524	55.5	0.00172668	123.303
630	12.6	0.1524	71.3	0.0483159	123.304
10000	0	0.1016	71.3	0.00121072	123.305
3150	5.4	0.1524	71.3	0.00401199	123.311
315	3	0.3048	39.6	0.00495741	123.312
1600	7.3	0.2286	55.5	0.0111706	123.354
3150	1.5	0.3048	71.3	0.00336729	123.392
4000	0	0.2286	55.5	0.00229336	123.41
400	22.2	0.0254	39.6	0.0229028	123.416
400	2	0.2286	31.7	0.00372371	123.417
2000	15.4	0.0508	39.6	0.0282593	123.443
2500	0	0.2286	31.7	0.0027238	123.445
3150	0	0.2286	31.7	0.0027238	123.445
5000	0	0.1524	39.6	0.00193287	123.453
2000	0	0.2286	31.7	0.0027238	123.455
3150	15.4	0.0508	55.5	0.0271925	123.46
4000	0	0.2286	39.6	0.00253511	123.465
3150	17.4	0.0254	31.7	0.0176631	123.466
200	15.6	0.1016	39.6	0.0528487	123.514
315	12.7	0.0254	39.6	0.0130253	123.537
250	4	0.3048	39.6	0.00579636	123.543
3150	17.4	0.0254	39.6	0.0172206	123.564
400	0	0.2286	39.6	0.00253511	123.565
630	0	0.1524	55.5	0.00172668	123.583
200	15.4	0.0508	71.3	0.0264269	123.595
315	4	0.2286	31.7	0.00509068	123.609
2500	8.9	0.1016	71.3	0.0103088	123.623
400	0	0.2286	31.7	0.0027238	123.635
2000	0	0.3048	39.6	0.00310138	123.689
500	15.4	0.0508	31.7	0.0289853	123.695
400	15.4	0.0508	31.7	0.0289853	123.705
2500	5.3	0.2286	71.3	0.0051942	123.74
3150	2	0.2286	55.5	0.00313525	123.742
500	8.4	0.0508	55.5	0.00544854	123.742
1600	5.4	0.1524	31.7	0.00525474	123.761
2500	4	0.3048	71.3	0.00497773	123.775
500	0	0.2286	55.5	0.00229336	123.78
4000	0	0.1524	31.7	0.00209405	123.807
1600	8.9	0.1016	39.6	0.0124596	123.82
1000	9.9	0.1524	39.6	0.0233328	123.835
6300	3.3	0.1016	55.5	0.002211	123.839
2500	2	0.2286	55.5	0.00313525	123.862
400	19.7	0.0508	71.3	0.0341183	123.865
400	4	0.2286	39.6	0.00473801	123.879
500	9.5	0.0254	39.6	0.00449821	123.894
4000	22.2	0.0254	71.3	0.0214178	123.917
3150	8.4	0.0508	39.6	0.00566229	123.965
12500	0	0.0508	39.6	0.000791822	123.988
1250	5.4	0.1524	31.7	0.00525474	123.991
400	1.5	0.3048	39.6	0.00392107	124.001
2500	3	0.3048	71.3	0.00425727	124.024
1600	0	0.3048	39.6	0.00310138	124.049
2500	5.4	0.1524	55.5	0.00433288	124.077
4000	2	0.2286	71.3	0.00293031	124.086
3150	17.4	0.0254	55.5	0.0165706	124.101
2500	0	0.3048	55.5	0.00283081	124.106
3150	4	0.2286	71.3	0.00400603	124.108
400	5.4	0.1524	71.3	0.00401199	124.121
3150	22.2	0.0254	71.3	0.0214178	124.127
2500	17.4	0.0254	39.6	0.0172206	124.154
630	0	0.1016	71.3	0.00121072	124.155
1600	0	0.0254	39.6	0.000428464	124.156
2500	17.4	0.0254	31.7	0.0176631	124.166
250	15.4	0.0508	55.5	0.0271925	124.17
800	15.6	0.1016	71.3	0.0437259	124.188
3150	0	0.1524	31.7	0.00209405	124.207
16000	4.8	0.0254	71.3	0.000848633	124.208
1250	12.3	0.1016	55.5	0.0368233	124.214
6300	9.5	0.0254	55.5	0.0043284	124.222
2000	8.9	0.1016	71.3	0.0103088	124.233
630	12.3	0.1016	55.5	0.0368233	124.244
6300	0	0.1016	31.7	0.00150092	124.253
2000	4	0.2286	55.5	0.0042862	124.254
2500	6.7	0.1016	55.5	0.0052139	124.273
800	17.4	0.0254	71.3	0.016104	124.276
5000	0	0.2286	71.3	0.00214345	124.304
1600	4.2	0.0508	71.3	0.00142788	124.318
800	0	0.0508	55.5	0.00076193	124.336
2500	4	0.2286	71.3	0.00400603	124.338
1600	6.7	0.1016	31.7	0.00592927	124.346
2500	7.2	0.1524	71.3	0.00752039	124.353
1250	0	0.3048	31.7	0.00331266	124.355
2000	17.4	0.0254	31.7	0.0176631	124.356
5000	2.7	0.1524	71.3	0.00243851	124.364
5000	0	0.1016	31.7	0.00150092	124.393
16000	4.8	0.0254	55.5	0.000873218	124.394
2000	4	0.3048	71.3	0.00497773	124.395
630	0	0.1524	39.6	0.00193287	124.403
2000	11.2	0.0508	39.6	0.0150478	124.42
5000	9.5	0.0254	31.7	0.00461377	124.426
1000	15.6	0.1016	71.3	0.0437259	124.438
1600	3	0.3048	55.5	0.00452492	124.439
8000	0	0.1016	55.5	0.00131983	124.45
3150	6.7	0.1016	71.3	0.00478288	124.458
315	15.4	0.0508	39.6	0.0282593	124.493
2500	1.5	0.3048	71.3	0.00336729	124.512
630	17.4	0.0254	39.6	0.0172206	124.514
1000	15.4	0.0508	31.7	0.0289853	124.525
800	19.7	0.0508	71.3	0.0341183	124.555
2000	2	0.2286	55.5	0.00313525	124.612
3150	0	0.2286	39.6	0.00253511	124.625
250	15.6	0.1016	39.6	0.0528487	124.644
2000	5.4	0.1524	39.6	0.00485029	124.647
1000	9.9	0.1524	55.5	0.0208438	124.665
630	15.4	0.0508	31.7	0.0289853	124.685
500	2	0.2286	55.5	0.00313525	124.692
315	12.3	0.1016	31.7	0.0418756	124.717
1600	12.3	0.1016	71.3	0.0337792	124.748
400	9.5	0.0254	31.7	0.00461377	124.756
400	0	0.3048	39.6	0.00310138	124.809
250	15.4	0.0508	71.3	0.0264269	124.835
1250	3	0.3048	31.7	0.00529514	124.838
5000	3.3	0.1016	55.5	0.002211	124.839
1600	15.4	0.0508	39.6	0.0282593	124.843
4000	3.3	0.1016	31.7	0.00251435	124.852
4000	3.3	0.1016	39.6	0.00245138	124.881
6300	3.3	0.1016	71.3	0.00202822	124.904
2500	17.4	0.0254	55.5	0.0165706	124.931
16000	0	0.0254	39.6	0.000428464	124.986
200	12.3	0.1016	31.7	0.0418756	124.987
200	11.2	0.0508	39.6	0.0150478	125.01
2500	0	0.2286	39.6	0.00253511	125.025
1250	4.8	0.0254	39.6	0.000907475	125.026
5000	9.5	0.0254	39.6	0.00449821	125.044
400	0	0.3048	31.7	0.00331266	125.045
400	12.7	0.0254	71.3	0.0121808	125.048
2000	4.8	0.0254	55.5	0.000873218	125.054
12500	4.8	0.0254	55.5	0.000873218	125.094
5000	12.7	0.0254	39.6	0.0130253	125.107
800	12.3	0.1016	55.5	0.0368233	125.114
400	2	0.2286	71.3	0.00293031	125.116
1000	0	0.0254	31.7	0.000439472	125.127
500	2	0.2286	39.6	0.00346574	125.157
3150	0	0.2286	55.5	0.00229336	125.16
1000	7.3	0.2286	55.5	0.0111706	125.194
1000	0	0.3048	71.3	0.00266337	125.201
3150	0	0.3048	71.3	0.00266337	125.201
5000	0	0.1524	55.5	0.00172668	125.203
1250	1.5	0.3048	39.6	0.00392107	125.211
12500	0	0.0508	71.3	0.000740478	125.22
1600	4	0.2286	31.7	0.00509068	125.229
2000	17.4	0.0254	55.5	0.0165706	125.261
8000	4.2	0.0508	71.3	0.00142788	125.268
2000	0	0.2286	39.6	0.00253511	125.305
1600	4	0.2286	39.6	0.00473801	125.319
4000	0	0.1524	39.6	0.00193287	125.343
315	5.4	0.1524	39.6	0.00485029	125.347
1000	4.8	0.0254	31.7	0.000930789	125.348
400	15.4	0.0508	39.6	0.0282593	125.353
12500	0	0.0508	55.5	0.00076193	125.376
315	15.4	0.0508	55.5	0.0271925	125.39
400	3	0.3048	31.7	0.00529514	125.398
6300	12.7	0.0254	71.3	0.0121808	125.398
630	0	0.1016	39.6	0.00146332	125.401
6300	0	0.1524	71.3	0.0015988	125.427
630	9.5	0.0254	55.5	0.0043284	125.452
8000	0	0.1016	71.3	0.00121072	125.465
400	3	0.3048	39.6	0.00495741	125.472
1000	12.3	0.1016	55.5	0.0368233	125.484
1250	0	0.3048	39.6	0.00310138	125.499
2000	3	0.3048	71.3	0.00425727	125.524
400	12.7	0.0254	39.6	0.0130253	125.527
800	9.9	0.1524	31.7	0.0252785	125.539
800	15.4	0.0508	31.7	0.0289853	125.555
2500	0	0.3048	71.3	0.00266337	125.571
2500	8.4	0.0508	31.7	0.00580776	125.576
1000	5.3	0.2286	39.6	0.00614329	125.581
1000	0	0.0508	55.5	0.00076193	125.586
4000	17.4	0.0254	71.3	0.016104	125.586
2500	2.7	0.1524	39.6	0.00294804	125.589
3150	0	0.1524	39.6	0.00193287	125.603
1600	0	0.2286	31.7	0.0027238	125.625
16000	0	0.0254	31.7	0.000439472	125.627
2500	15.4	0.0508	55.5	0.0271925	125.63
6300	0	0.1016	39.6	0.00146332	125.631
1000	4.2	0.0508	39.6	0.00152689	125.647
16000	0	0.0254	55.5	0.00041229	125.683
3150	15.4	0.0508	71.3	0.0264269	125.715
6300	4.2	0.0508	39.6	0.00152689	125.717
1250	5.3	0.2286	39.6	0.00614329	125.721
1250	7.3	0.2286	55.5	0.0111706	125.724
630	9.5	0.0254	71.3	0.00420654	125.726
5000	22.2	0.0254	71.3	0.0214178	125.727
1600	7.3	0.2286	71.3	0.0104404	125.728
315	5.4	0.1524	31.7	0.00525474	125.741
1600	2	0.2286	31.7	0.00372371	125.797
1250	3	0.3048	39.6	0.00495741	125.802
630	2.7	0.1524	39.6	0.00294804	125.809
1000	17.4	0.0254	71.3	0.016104	125.816
800	0	0.1524	71.3	0.0015988	125.817
4000	0	0.2286	71.3	0.00214345	125.824
1600	2	0.2286	39.6	0.00346574	125.837
630	8.4	0.0508	31.7	0.00580776	125.856
250	12.3	0.1016	31.7	0.0418756	125.857
2500	0	0.1524	31.7	0.00209405	125.867
1250	1.5	0.3048	71.3	0.00336729	125.872
2000	5.3	0.2286	71.3	0.0051942	125.89
200	11.2	0.0508	71.3	0.014072	125.941
1250	0	0.3048	71.3	0.00266337	125.951
500	15.4	0.0508	39.6	0.0282593	125.963
1600	4.8	0.0254	39.6	0.000907475	125.966
200	19.7	0.0508	39.6	0.036484	125.974
1000	1.5	0.3048	71.3	0.00336729	125.992
630	0	0.1524	31.7	0.00209405	125.997
10000	0	0.0508	39.6	0.000791822	125.998
1000	17.4	0.0254	55.5	0.0165706	126.001
5000	0	0.1016	39.6	0.00146332	126.021
630	8.4	0.0508	39.6	0.00566229	126.045
630	9.9	0.1524	31.7	0.0252785	126.049
10000	4.8	0.0254	39.6	0.000907475	126.066
1250	0	0.3048	55.5	0.00283081	126.086
2500	22.2	0.0254	71.3	0.0214178	126.097
3150	2	0.2286	71.3	0.00293031	126.116
400	4	0.2286	31.7	0.00509068	126.149
630	8.4	0.0508	55.5	0.00544854	126.152
400	3	0.3048	55.5	0.00452492	126.159
630	0	0.2286	55.5	0.00229336	126.16
630	0	0.1016	55.5	0.00131983	126.17
630	7.3	0.2286	31.7	0.0132672	126.189
500	0	0.2286	39.6	0.00253511	126.195
315	15.4	0.0508	71.3	0.0264269	126.195
800	0	0.3048	71.3	0.00266337	126.201
2000	4	0.2286	71.3	0.00400603	126.218
315	6.7	0.1016	31.7	0.00592927	126.266
1600	5.4	0.1524	39.6	0.00485029	126.267
500	5.4	0.1524	71.3	0.00401199	126.291
800	7.3	0.2286	39.6	0.0123481	126.299
1250	4	0.3048	39.6	0.00579636	126.343
800	9.9	0.1524	39.6	0.0233328	126.345
1000	9.9	0.1524	71.3	0.0193001	126.349
1250	17.4	0.0254	71.3	0.016104	126.356
250	4	0.3048	71.3	0.00497773	126.395
1600	17.4	0.0254	71.3	0.016104	126.406
630	0	0.1016	31.7	0.00150092	126.413
500	0	0.3048	55.5	0.00283081	126.416
250	11.2	0.0508	39.6	0.0150478	126.43
1250	22.2	0.0254	39.6	0.0229028	126.446
5000	0	0.1524	71.3	0.0015988	126.457
630	9.9	0.1524	39.6	0.0233328	126.465
1600	17.4	0.0254	55.5	0.0165706	126.471
500	2	0.2286	71.3	0.00293031	126.486
400	15.4	0.0508	55.5	0.0271925	126.5
800	0	0.0508	39.6	0.000791822	126.508
1600	3	0.3048	71.3	0.00425727	126.514
630	9.5	0.0254	39.6	0.00449821	126.514
4000	2.7	0.1524	71.3	0.00243851	126.534
3150	17.4	0.0254	71.3	0.016104	126.536
4000	12.7	0.0254	39.6	0.0130253	126.537
2000	0	0.2286	55.5	0.00229336	126.54
2500	0	0.2286	55.5	0.00229336	126.54
1600	11.2	0.0508	39.6	0.0150478	126.54
800	9.9	0.1524	55.5	0.0208438	126.565
8000	0	0.0508	31.7	0.000812164	126.59
630	3.3	0.1016	55.5	0.002211	126.599
2000	0	0.3048	55.5	0.00283081	126.616
1600	1.5	0.3048	71.3	0.00336729	126.632
2000	1.5	0.3048	71.3	0.00336729	126.642
2000	17.4	0.0254	39.6	0.0172206	126.644
1600	4	0.3048	71.3	0.00497773	126.645
1250	12.3	0.1016	71.3	0.0337792	126.648
500	1.5	0.3048	39.6	0.00392107	126.661
500	0	0.2286	31.7	0.0027238	126.675
500	2	0.2286	31.7	0.00372371	126.677
800	0	0.1524	55.5	0.00172668	126.713
4000	9.5	0.0254	31.7	0.00461377	126.736
1250	15.4	0.0508	39.6	0.0282593	126.743
2500	17.4	0.0254	71.3	0.016104	126.746
1600	2	0.2286	55.5	0.00313525	126.752
500	4	0.2286	71.3	0.00400603	126.758
1000	0	0.0508	31.7	0.000812164	126.78
1600	0	0.2286	55.5	0.00229336	126.79
400	15.4	0.0508	71.3	0.0264269	126.805
800	0	0.1016	71.3	0.00121072	126.805
400	5.4	0.1524	55.5	0.00433288	126.807
2000	17.4	0.0254	71.3	0.016104	126.826
500	9.9	0.1524	39.6	0.0233328	126.835
1000	3	0.3048	31.7	0.00529514	126.838
1000	7.3	0.2286	71.3	0.0104404	126.838
630	2	0.2286	55.5	0.00313525	126.842
315	4	0.3048	39.6	0.00579636	126.843
1600	17.4	0.0254	31.7	0.0176631	126.846
2500	0	0.1524	39.6	0.00193287	126.863
500	9.5	0.0254	31.7	0.00461377	126.886
2000	2	0.2286	71.3	0.00293031	126.896
500	12.7	0.0254	71.3	0.0121808	126.898
4000	8.4	0.0508	71.3	0.00529514	126.926
4000	0	0.1016	31.7	0.00150092	126.933
10000	4.8	0.0254	55.5	0.000873218	126.944
500	0	0.3048	39.6	0.00310138	126.959
1000	0	0.3048	55.5	0.00283081	126.966
1600	0	0.3048	55.5	0.00283081	126.986
500	19.7	0.0508	71.3	0.0341183	126.995
2500	2	0.2286	71.3	0.00293031	127.006
8000	4.8	0.0254	31.7	0.000930789	127.008
250	5.3	0.2286	39.6	0.00614329	127.011
500	4	0.2286	39.6	0.00473801	127.039
2000	15.4	0.0508	55.5	0.0271925	127.04
3150	2.7	0.1524	71.3	0.00243851	127.054
5000	3.3	0.1016	71.3	0.00202822	127.054
1250	0	0.0508	55.5	0.00076193	127.076
400	12.6	0.1524	71.3	0.0483159	127.094
1600	0	0.2286	39.6	0.00253511	127.095
250	11.2	0.0508	71.3	0.014072	127.101
1250	5.4	0.1524	39.6	0.00485029	127.117
800	1.5	0.3048	71.3	0.00336729	127.122
500	12.7	0.0254	39.6	0.0130253	127.127
3150	11.2	0.0508	71.3	0.014072	127.141
500	9.9	0.1524	31.7	0.0252785	127.179
2000	22.2	0.0254	71.3	0.0214178	127.197
800	9.5	0.0254	71.3	0.00420654	127.206
500	15.4	0.0508	55.5	0.0271925	127.22
250	19.7	0.0508	39.6	0.036484	127.224
4000	3.3	0.1016	55.5	0.002211	127.229
4000	0	0.1524	55.5	0.00172668	127.233
6300	9.5	0.0254	71.3	0.00420654	127.246
630	3.3	0.1016	39.6	0.00245138	127.251
500	15.4	0.0508	71.3	0.0264269	127.285
200	9.9	0.1524	31.7	0.0252785	127.299
1000	0	0.1524	71.3	0.0015988	127.307
500	4	0.2286	55.5	0.0042862	127.314
500	0	0.3048	31.7	0.00331266	127.315
630	9.9	0.1524	55.5	0.0208438	127.315
200	9.9	0.1524	39.6	0.0233328	127.315
800	12.3	0.1016	71.3	0.0337792	127.318
1250	3	0.3048	55.5	0.00452492	127.329
630	2	0.2286	71.3	0.00293031	127.356
1250	7.3	0.2286	71.3	0.0104404	127.358
1000	0	0.3048	31.7	0.00331266	127.365
1600	6.7	0.1016	39.6	0.00578076	127.375
800	2.7	0.1524	71.3	0.00243851	127.394
10000	4.8	0.0254	71.3	0.000848633	127.398
630	2.7	0.1524	71.3	0.00243851	127.404
1250	4.8	0.0254	31.7	0.000930789	127.408
630	2	0.2286	39.6	0.00346574	127.417
630	15.4	0.0508	39.6	0.0282593	127.443
2000	0	0.3048	71.3	0.00266337	127.461
2500	8.4	0.0508	39.6	0.00566229	127.465
250	7.2	0.1524	39.6	0.00909175	127.488
800	0	0.2286	55.5	0.00229336	127.53
500	3	0.3048	31.7	0.00529514	127.548
800	8.4	0.0508	71.3	0.00529514	127.556
400	3	0.3048	71.3	0.00425727	127.564
1000	1.5	0.3048	39.6	0.00392107	127.581
1600	0	0.3048	71.3	0.00266337	127.591
2500	5.4	0.1524	71.3	0.00401199	127.591
1600	17.4	0.0254	39.6	0.0172206	127.614
2000	0	0.0254	55.5	0.00041229	127.623
2500	15.4	0.0508	71.3	0.0264269	127.625
500	3	0.3048	39.6	0.00495741	127.632
1250	3	0.3048	71.3	0.00425727	127.634
10000	0	0.0508	55.5	0.00076193	127.636
400	5.4	0.1524	39.6	0.00485029	127.637
1000	0	0.0508	39.6	0.000791822	127.638
500	17.4	0.0254	31.7	0.0176631	127.676
2000	8.4	0.0508	31.7	0.00580776	127.686
12500	4.8	0.0254	71.3	0.000848633	127.688
630	0	0.3048	55.5	0.00283081	127.696
400	5.3	0.2286	71.3	0.0051942	127.7
1250	8.9	0.1016	39.6	0.0124596	127.71
6300	0	0.1016	55.5	0.00131983	127.73
3150	0	0.1524	55.5	0.00172668	127.753
2500	0	0.1524	55.5	0.00172668	127.763
400	5.4	0.1524	31.7	0.00525474	127.781
1600	2	0.2286	71.3	0.00293031	127.796
4000	0	0.1016	39.6	0.00146332	127.801
500	9.9	0.1524	55.5	0.0208438	127.815
3150	0	0.2286	71.3	0.00214345	127.834
3150	12.7	0.0254	39.6	0.0130253	127.847
4000	9.5	0.0254	39.6	0.00449821	127.864
1000	15.4	0.0508	39.6	0.0282593	127.893
1000	0	0.3048	39.6	0.00310138	127.899
800	0	0.1524	39.6	0.00193287	127.903
1250	0	0.2286	55.5	0.00229336	127.91
800	0	0.1016	55.5	0.00131983	127.92
1000	12.3	0.1016	71.3	0.0337792	127.928
1250	0	0.0254	31.7	0.000439472	127.947
800	9.5	0.0254	55.5	0.0043284	128.082
800	0	0.3048	55.5	0.00283081	128.086
1250	4	0.2286	31.7	0.00509068	128.119
2500	0	0.1524	71.3	0.0015988	128.127
2000	2.7	0.1524	39.6	0.00294804	128.139
1250	0	0.2286	71.3	0.00214345	128.144
500	7.3	0.2286	31.7	0.0132672	128.169
315	4	0.3048	71.3	0.00497773	128.175
500	3	0.3048	55.5	0.00452492	128.179
1600	15.4	0.0508	55.5	0.0271925	128.2
800	2	0.2286	71.3	0.00293031	128.216
1000	5.4	0.1524	31.7	0.00525474	128.241
2000	0	0.2286	71.3	0.00214345	128.244
800	8.4	0.0508	31.7	0.00580776	128.246
3150	3.3	0.1016	31.7	0.00251435	128.252
1250	2	0.2286	39.6	0.00346574	128.257
1600	4	0.2286	55.5	0.0042862	128.264
400	12.3	0.1016	39.6	0.0408268	128.265
1000	0	0.2286	55.5	0.00229336	128.29
400	6.7	0.1016	39.6	0.00578076	128.295
400	6.7	0.1016	31.7	0.00592927	128.296
1250	17.4	0.0254	31.7	0.0176631	128.306
630	1.5	0.3048	39.6	0.00392107	128.311
1000	3	0.3048	39.6	0.00495741	128.312
2500	2.7	0.1524	71.3	0.00243851	128.334
250	9.9	0.1524	39.6	0.0233328	128.335
1000	7.2	0.1524	39.6	0.00909175	128.338
1250	4	0.2286	39.6	0.00473801	128.339
400	9.9	0.1524	39.6	0.0233328	128.345
2500	0	0.2286	71.3	0.00214345	128.354
200	12.6	0.1524	71.3	0.0483159	128.354
5000	0	0.1016	55.5	0.00131983	128.36
630	19.7	0.0508	71.3	0.0341183	128.365
315	11.2	0.0508	71.3	0.014072	128.381
2000	4.8	0.0254	71.3	0.000848633	128.398
800	0	0.1016	39.6	0.00146332	128.401
3150	3.3	0.1016	39.6	0.00245138	128.401
3150	8.4	0.0508	55.5	0.00544854	128.402
5000	9.5	0.0254	55.5	0.0043284	128.412
1000	22.2	0.0254	39.6	0.0229028	128.416
800	15.4	0.0508	39.6	0.0282593	128.423
1250	4.2	0.0508	39.6	0.00152689	128.427
800	8.4	0.0508	39.6	0.00566229	128.435
800	7.3	0.2286	55.5	0.0111706	128.444
500	19.7	0.0508	39.6	0.036484	128.444
500	3	0.3048	71.3	0.00425727	128.454
315	12.6	0.1524	71.3	0.0483159	128.484
800	2	0.2286	55.5	0.00313525	128.492
8000	0	0.0508	39.6	0.000791822	128.518
3150	9.5	0.0254	31.7	0.00461377	128.536
200	12.3	0.1016	39.6	0.0408268	128.545
250	9.9	0.1524	31.7	0.0252785	128.559
1250	0	0.0508	71.3	0.000740478	128.56
800	8.4	0.0508	55.5	0.00544854	128.562
1600	0	0.0508	55.5	0.00076193	128.576
1000	0	0.1524	55.5	0.00172668	128.583
315	9.9	0.1524	39.6	0.0233328	128.595
630	0	0.3048	39.6	0.00310138	128.629
400	4	0.3048	39.6	0.00579636	128.633
2000	7.2	0.1524	71.3	0.00752039	128.643
2000	0	0.1524	71.3	0.0015988	128.647
1250	2	0.2286	31.7	0.00372371	128.677
200	7.3	0.2286	31.7	0.0132672	128.679
630	3	0.3048	31.7	0.00529514	128.698
4000	3.3	0.1016	71.3	0.00202822	128.704
630	0	0.2286	39.6	0.00253511	128.705
2000	5.4	0.1524	55.5	0.00433288	128.707
800	3	0.3048	31.7	0.00529514	128.708
315	7.2	0.1524	71.3	0.00752039	128.713
1600	4.8	0.0254	31.7	0.000930789	128.718
1000	4	0.3048	39.6	0.00579636	128.723
10000	0	0.0508	71.3	0.000740478	128.74
1250	2	0.2286	55.5	0.00313525	128.762
1600	8.9	0.1016	71.3	0.0103088	128.763
1000	2.7	0.1524	71.3	0.00243851	128.774
1250	0	0.2286	31.7	0.0027238	128.805
315	9.9	0.1524	31.7	0.0252785	128.809
1250	2	0.2286	71.3	0.00293031	128.816
1000	0	0.1016	71.3	0.00121072	128.825
800	2.7	0.1524	39.6	0.00294804	128.829
800	1.5	0.3048	39.6	0.00392107	128.831
4000	0	0.1524	71.3	0.0015988	128.857
630	12.7	0.0254	39.6	0.0130253	128.867
630	12.7	0.0254	71.3	0.0121808	128.878
800	9.9	0.1524	71.3	0.0193001	128.879
2000	0	0.1524	31.7	0.00209405	128.907
2000	4.8	0.0254	39.6	0.000907475	128.916
1250	0	0.1524	71.3	0.0015988	128.927
630	7.3	0.2286	39.6	0.0123481	128.929
500	4	0.2286	31.7	0.00509068	128.939
400	9.9	0.1524	31.7	0.0252785	128.939
630	3.3	0.1016	31.7	0.00251435	128.952
1000	2	0.2286	71.3	0.00293031	128.956
630	5.4	0.1524	71.3	0.00401199	128.971
12500	0	0.0254	31.7	0.000439472	128.977
5000	12.7	0.0254	71.3	0.0121808	128.978
315	11.2	0.0508	39.6	0.0150478	128.99
1000	2	0.2286	55.5	0.00313525	129.002
1000	3	0.3048	71.3	0.00425727	129.004
630	9.5	0.0254	31.7	0.00461377	129.006
800	9.5	0.0254	39.6	0.00449821	129.014
2500	12.7	0.0254	39.6	0.0130253	129.027
800	2	0.2286	39.6	0.00346574	129.037
630	4	0.2286	71.3	0.00400603	129.038
800	0	0.1016	31.7	0.00150092	129.053
630	2	0.2286	31.7	0.00372371	129.057
630	0	0.3048	31.7	0.00331266	129.095
800	0	0.3048	39.6	0.00310138	129.099
12500	0	0.0254	39.6	0.000428464	129.116
800	0	0.1524	31.7	0.00209405	129.117
800	3.3	0.1016	55.5	0.002211	129.119
1600	0	0.2286	71.3	0.00214345	129.134
2500	4.8	0.0254	55.5	0.000873218	129.144
1000	2	0.2286	39.6	0.00346574	129.147
1250	0	0.0508	39.6	0.000791822	129.148
800	0	0.3048	31.7	0.00331266	129.235
1250	6.7	0.1016	31.7	0.00592927	129.256
1600	0	0.0254	31.7	0.000439472	129.267
1250	0	0.0508	31.7	0.000812164	129.27
400	11.2	0.0508	71.3	0.014072	129.281
2000	15.4	0.0508	71.3	0.0264269	129.285
630	3	0.3048	39.6	0.00495741	129.292
1600	8.4	0.0508	31.7	0.00580776	129.296
1250	17.4	0.0254	55.5	0.0165706	129.301
6300	4.2	0.0508	71.3	0.00142788	129.308
1000	3	0.3048	55.5	0.00452492	129.329
630	15.4	0.0508	55.5	0.0271925	129.33
500	6.7	0.1016	55.5	0.0052139	129.343
630	3	0.3048	71.3	0.00425727	129.354
500	5.4	0.1524	55.5	0.00433288	129.367
3150	0	0.1524	71.3	0.0015988	129.377
1250	4	0.3048	71.3	0.00497773	129.395
1250	0	0.2286	39.6	0.00253511	129.395
6300	0	0.1016	71.3	0.00121072	129.395
315	12.3	0.1016	39.6	0.0408268	129.415
1000	0	0.0508	71.3	0.000740478	129.45
630	0	0.2286	31.7	0.0027238	129.465
1600	4	0.2286	71.3	0.00400603	129.468
800	5.3	0.2286	39.6	0.00614329	129.491
800	3	0.3048	71.3	0.00425727	129.494
4000	0	0.1016	55.5	0.00131983	129.5
1000	8.4	0.0508	31.7	0.00580776	129.516
800	3	0.3048	39.6	0.00495741	129.552
1000	9.5	0.0254	71.3	0.00420654	129.556
2000	12.7	0.0254	39.6	0.0130253	129.567
630	3	0.3048	55.5	0.00452492	129.569
400	4	0.3048	71.3	0.00497773	129.575
630	4	0.2286	39.6	0.00473801	129.579
1000	8.9	0.1016	39.6	0.0124596	129.58
2000	0	0.1524	39.6	0.00193287	129.633
630	15.4	0.0508	71.3	0.0264269	129.645
2000	6.7	0.1016	55.5	0.0052139	129.653
1600	0	0.1524	71.3	0.0015988	129.667
2000	0	0.1524	55.5	0.00172668	129.673
250	12.3	0.1016	39.6	0.0408268	129.675
1600	0	0.0508	71.3	0.000740478	129.68
500	5.4	0.1524	31.7	0.00525474	129.681
315	5.3	0.2286	39.6	0.00614329	129.691
250	12.6	0.1524	71.3	0.0483159	129.744
500	22.2	0.0254	39.6	0.0229028	129.776
5000	4.2	0.0508	39.6	0.00152689	129.777
1000	0	0.1016	55.5	0.00131983	129.8
2000	4.2	0.0508	71.3	0.00142788	129.848
315	19.7	0.0508	39.6	0.036484	129.864
8000	0	0.0254	71.3	0.000400682	129.867
1000	4	0.2286	31.7	0.00509068	129.869
500	5.3	0.2286	71.3	0.0051942	129.88
630	9.9	0.1524	71.3	0.0193001	129.889
3150	9.5	0.0254	39.6	0.00449821	129.934
500	5.4	0.1524	39.6	0.00485029	129.937
1000	8.4	0.0508	71.3	0.00529514	129.946
800	3	0.3048	55.5	0.00452492	129.949
1250	0	0.1524	55.5	0.00172668	129.953
630	4	0.2286	55.5	0.0042862	129.964
2000	8.4	0.0508	39.6	0.00566229	129.965
1000	4	0.2286	39.6	0.00473801	129.969
3150	0	0.1016	31.7	0.00150092	129.973
1600	12.7	0.0254	39.6	0.0130253	129.977
800	3.3	0.1016	39.6	0.00245138	129.991
1250	15.4	0.0508	55.5	0.0271925	130
2000	0	0.0254	39.6	0.000428464	130.026
1000	0	0.1524	39.6	0.00193287	130.033
1600	2.7	0.1524	39.6	0.00294804	130.049
1250	11.2	0.0508	39.6	0.0150478	130.05
1600	15.4	0.0508	71.3	0.0264269	130.065
2500	0	0.0254	55.5	0.00041229	130.073
2500	9.5	0.0254	31.7	0.00461377	130.086
250	7.3	0.2286	31.7	0.0132672	130.089
2000	2.7	0.1524	71.3	0.00243851	130.114
400	7.2	0.1524	71.3	0.00752039	130.123
1250	2.7	0.1524	71.3	0.00243851	130.144
2000	4.8	0.0254	31.7	0.000930789	130.148
8000	0	0.0508	55.5	0.00076193	130.156
1250	8.4	0.0508	31.7	0.00580776	130.156
500	4	0.3048	39.6	0.00579636	130.173
1600	0	0.1524	55.5	0.00172668	130.183
1000	8.4	0.0508	39.6	0.00566229	130.195
1600	4.2	0.0508	39.6	0.00152689	130.197
800	0	0.2286	39.6	0.00253511	130.205
500	6.7	0.1016	31.7	0.00592927	130.206
800	12.7	0.0254	39.6	0.0130253	130.217
315	7.3	0.2286	31.7	0.0132672	130.239
400	7.3	0.2286	31.7	0.0132672	130.269
500	7.3	0.2286	39.6	0.0123481	130.299
800	2	0.2286	31.7	0.00372371	130.307
1000	2	0.2286	31.7	0.00372371	130.307
500	11.2	0.0508	71.3	0.014072	130.311
1000	9.5	0.0254	55.5	0.0043284	130.332
1250	0	0.1016	71.3	0.00121072	130.335
6300	0	0.0508	31.7	0.000812164	130.34
800	12.7	0.0254	71.3	0.0121808	130.348
630	4	0.2286	31.7	0.00509068	130.349
1000	9.5	0.0254	39.6	0.00449821	130.374
2500	3.3	0.1016	31.7	0.00251435	130.392
1000	15.4	0.0508	55.5	0.0271925	130.4
800	15.4	0.0508	55.5	0.0271925	130.43
1000	0	0.2286	39.6	0.00253511	130.435
1600	5.3	0.2286	71.3	0.0051942	130.46
800	4	0.2286	39.6	0.00473801	130.469
16000	0	0.0254	71.3	0.000400682	130.477
2000	9.5	0.0254	31.7	0.00461377	130.496
3150	0	0.0254	55.5	0.00041229	130.503
1000	5.4	0.1524	39.6	0.00485029	130.507
2500	11.2	0.0508	71.3	0.014072	130.541
315	7.2	0.1524	39.6	0.00909175	130.558
1600	5.4	0.1524	55.5	0.00433288	130.567
200	12.3	0.1016	71.3	0.0337792	130.588
1000	2.7	0.1524	39.6	0.00294804	130.589
1000	0	0.2286	31.7	0.0027238	130.595
400	19.7	0.0508	39.6	0.036484	130.614
3150	3.3	0.1016	55.5	0.002211	130.629
500	15.6	0.1016	71.3	0.0437259	130.638
1600	2.7	0.1524	71.3	0.00243851	130.644
400	11.2	0.0508	39.6	0.0150478	130.67
800	4	0.2286	71.3	0.00400603	130.688
2000	0	0.0254	31.7	0.000439472	130.697
500	4	0.3048	71.3	0.00497773	130.715
1000	8.4	0.0508	55.5	0.00544854	130.722
800	4	0.3048	39.6	0.00579636	130.723
800	0	0.2286	31.7	0.0027238	130.725
800	9.5	0.0254	31.7	0.00461377	130.746
800	7.3	0.2286	71.3	0.0104404	130.748
1250	5.4	0.1524	55.5	0.00433288	130.777
1250	12.7	0.0254	39.6	0.0130253	130.777
1000	0	0.1016	39.6	0.00146332	130.781
10000	0	0.0254	71.3	0.000400682	130.787
2500	3.3	0.1016	39.6	0.00245138	130.791
5000	0	0.1016	71.3	0.00121072	130.795
1600	0	0.1524	31.7	0.00209405	130.817
2500	4.8	0.0254	71.3	0.000848633	130.828
1250	2.7	0.1524	39.6	0.00294804	130.829
1250	15.4	0.0508	71.3	0.0264269	130.845
800	4	0.2286	31.7	0.00509068	130.869
8000	0	0.0508	71.3	0.000740478	130.89
1600	7.2	0.1524	71.3	0.00752039	130.893
200	15.6	0.1016	71.3	0.0437259	130.898
1600	0	0.0508	39.6	0.000791822	130.908
630	7.3	0.2286	55.5	0.0111706	130.934
4000	0	0.1016	71.3	0.00121072	130.935
800	8.9	0.1016	39.6	0.0124596	130.94
1000	12.7	0.0254	39.6	0.0130253	130.947
500	6.7	0.1016	39.6	0.00578076	130.955
800	0	0.0508	71.3	0.000740478	130.96
3150	0	0.1016	39.6	0.00146332	130.961
1250	9.5	0.0254	39.6	0.00449821	130.964
1600	8.4	0.0508	39.6	0.00566229	130.965
1000	0	0.1524	31.7	0.00209405	130.987
200	7.3	0.2286	39.6	0.0123481	130.989
1600	0	0.0508	31.7	0.000812164	131.01
1600	0	0.1524	39.6	0.00193287	131.013
1000	4	0.3048	71.3	0.00497773	131.015
1250	0	0.1524	39.6	0.00193287	131.023
1600	9.5	0.0254	31.7	0.00461377	131.036
2000	0	0.0508	71.3	0.000740478	131.06
630	4	0.3048	39.6	0.00579636	131.073
800	3.3	0.1016	71.3	0.00202822	131.074
2000	5.4	0.1524	71.3	0.00401199	131.111
1000	3.3	0.1016	55.5	0.002211	131.129
1600	9.5	0.0254	39.6	0.00449821	131.184
5000	9.5	0.0254	71.3	0.00420654	131.186
1250	8.4	0.0508	39.6	0.00566229	131.205
400	5.3	0.2286	39.6	0.00614329	131.221
2500	9.5	0.0254	39.6	0.00449821	131.234
2500	4.8	0.0254	39.6	0.000907475	131.236
1250	4	0.2286	55.5	0.0042862	131.264
2000	9.5	0.0254	39.6	0.00449821	131.274
500	9.9	0.1524	71.3	0.0193001	131.279
800	5.4	0.1524	71.3	0.00401199	131.281
2500	0	0.0508	71.3	0.000740478	131.31
1000	0	0.1016	31.7	0.00150092	131.313
8000	4.8	0.0254	39.6	0.000907475	131.346
1000	9.5	0.0254	31.7	0.00461377	131.346
800	3.3	0.1016	31.7	0.00251435	131.362
1250	17.4	0.0254	39.6	0.0172206	131.364
1250	0	0.1016	55.5	0.00131983	131.43
1000	3.3	0.1016	71.3	0.00202822	131.434
1250	9.5	0.0254	31.7	0.00461377	131.446
630	6.7	0.1016	71.3	0.00478288	131.448
12500	0	0.0254	55.5	0.00041229	131.453
2000	0	0.0508	55.5	0.00076193	131.456
2500	6.7	0.1016	71.3	0.00478288	131.458
1250	0	0.1524	31.7	0.00209405	131.467
630	5.4	0.1524	31.7	0.00525474	131.471
800	5.4	0.1524	31.7	0.00525474	131.491
800	15.4	0.0508	71.3	0.0264269	131.515
8000	4.8	0.0254	71.3	0.000848633	131.518
2500	8.4	0.0508	55.5	0.00544854	131.542
250	12.3	0.1016	71.3	0.0337792	131.568
4000	9.5	0.0254	55.5	0.0043284	131.582
400	9.9	0.1524	55.5	0.0208438	131.605
630	4	0.3048	71.3	0.00497773	131.615
1000	6.7	0.1016	31.7	0.00592927	131.636
2000	3.3	0.1016	31.7	0.00251435	131.642
1250	9.5	0.0254	71.3	0.00420654	131.656
1000	12.7	0.0254	71.3	0.0121808	131.698
1000	4	0.2286	71.3	0.00400603	131.708
1250	4	0.2286	71.3	0.00400603	131.718
1600	0	0.1016	71.3	0.00121072	131.725
800	4	0.3048	71.3	0.00497773	131.755
3150	0	0.1016	55.5	0.00131983	131.78
1000	17.4	0.0254	31.7	0.0176631	131.796
630	5.3	0.2286	71.3	0.0051942	131.8
630	5.4	0.1524	55.5	0.00433288	131.807
4000	4.2	0.0508	39.6	0.00152689	131.807
4000	12.7	0.0254	71.3	0.0121808	131.808
1600	22.2	0.0254	71.3	0.0214178	131.817
2500	0	0.0254	39.6	0.000428464	131.836
800	4	0.2286	55.5	0.0042862	131.864
1000	15.4	0.0508	71.3	0.0264269	131.865
250	7.3	0.2286	39.6	0.0123481	131.889
6300	0	0.0508	39.6	0.000791822	131.918
630	8.9	0.1016	39.6	0.0124596	131.92
200	9.9	0.1524	55.5	0.0208438	131.955
3150	0	0.1016	71.3	0.00121072	131.955
500	11.2	0.0508	39.6	0.0150478	131.96
3150	8.4	0.0508	71.3	0.00529514	131.966
1000	3.3	0.1016	39.6	0.00245138	131.971
2500	4.2	0.0508	71.3	0.00142788	131.978
2500	0	0.1016	31.7	0.00150092	132.003
630	5.3	0.2286	39.6	0.00614329	132.011
400	7.3	0.2286	39.6	0.0123481	132.039
500	7.2	0.1524	71.3	0.00752039	132.043
1600	0	0.1016	55.5	0.00131983	132.05
1250	8.4	0.0508	71.3	0.00529514	132.086
2000	0	0.1016	71.3	0.00121072	132.095
3150	3.3	0.1016	71.3	0.00202822	132.114
630	6.7	0.1016	31.7	0.00592927	132.116
400	7.2	0.1524	39.6	0.00909175	132.118
1000	5.4	0.1524	55.5	0.00433288	132.127
1000	4	0.2286	55.5	0.0042862	132.134
315	7.3	0.2286	39.6	0.0123481	132.149
250	15.6	0.1016	71.3	0.0437259	132.158
8000	4.8	0.0254	55.5	0.000873218	132.184
1250	9.5	0.0254	55.5	0.0043284	132.202
500	5.3	0.2286	39.6	0.00614329	132.251
1250	8.4	0.0508	55.5	0.00544854	132.252
1250	0	0.1016	39.6	0.00146332	132.271
2000	3.3	0.1016	39.6	0.00245138	132.301
1250	3.3	0.1016	71.3	0.00202822	132.304
200	12.3	0.1016	55.5	0.0368233	132.304
3150	4.8	0.0254	55.5	0.000873218	132.354
315	9.9	0.1524	55.5	0.0208438	132.355
630	5.4	0.1524	39.6	0.00485029	132.357
800	7.2	0.1524	39.6	0.00909175	132.358
1250	6.7	0.1016	39.6	0.00578076	132.395
1000	11.2	0.0508	39.6	0.0150478	132.43
1250	7.2	0.1524	71.3	0.00752039	132.513
2000	0	0.1016	55.5	0.00131983	132.54
2000	4.2	0.0508	39.6	0.00152689	132.587
2500	4.8	0.0254	31.7	0.000930789	132.588
2500	0	0.1016	71.3	0.00121072	132.595
2500	0	0.1016	39.6	0.00146332	132.611
500	7.2	0.1524	39.6	0.00909175	132.658
800	5.4	0.1524	39.6	0.00485029	132.757
1250	3.3	0.1016	55.5	0.002211	132.769
1250	8.9	0.1016	71.3	0.0103088	132.793
6300	0	0.0508	55.5	0.00076193	132.796
5000	4.2	0.0508	71.3	0.00142788	132.828
800	6.7	0.1016	31.7	0.00592927	132.886
2500	3.3	0.1016	55.5	0.002211	132.889
2500	0	0.0254	31.7	0.000439472	132.897
6300	4.8	0.0254	31.7	0.000930789	132.898
2000	0	0.0508	39.6	0.000791822	132.918
2000	0	0.0508	31.7	0.000812164	133.01
1000	3.3	0.1016	31.7	0.00251435	133.012
630	6.7	0.1016	55.5	0.0052139	133.023
1600	8.4	0.0508	55.5	0.00544854	133.032
6300	0	0.0508	71.3	0.000740478	133.04
2500	0	0.1016	55.5	0.00131983	133.04
2000	8.4	0.0508	55.5	0.00544854	133.042
1250	12.7	0.0254	71.3	0.0121808	133.048
1600	9.5	0.0254	55.5	0.0043284	133.062
1250	0	0.1016	31.7	0.00150092	133.063
1600	3.3	0.1016	39.6	0.00245138	133.071
800	5.4	0.1524	55.5	0.00433288	133.097
630	11.2	0.0508	39.6	0.0150478	133.13
2000	0	0.1016	31.7	0.00150092	133.153
500	7.3	0.2286	55.5	0.0111706	133.174
630	7.2	0.1524	39.6	0.00909175	133.198
1000	5.4	0.1524	71.3	0.00401199	133.201
12500	0	0.0254	71.3	0.000400682	133.207
1250	3.3	0.1016	39.6	0.00245138	133.211
4000	0	0.0254	55.5	0.00041229	133.223
5000	0	0.0508	31.7	0.000812164	133.23
250	9.9	0.1524	55.5	0.0208438	133.235
1600	5.4	0.1524	71.3	0.00401199	133.241
2000	0	0.1016	39.6	0.00146332	133.251
3150	9.5	0.0254	55.5	0.0043284	133.252
1600	0	0.1016	39.6	0.00146332	133.261
3150	0	0.0254	39.6	0.000428464	133.276
250	12.3	0.1016	55.5	0.0368233	133.294
2000	11.2	0.0508	71.3	0.014072	133.311
630	6.7	0.1016	39.6	0.00578076	133.355
10000	0	0.0254	39.6	0.000428464	133.376
3150	4.8	0.0254	71.3	0.000848633	133.378
1250	5.3	0.2286	71.3	0.0051942	133.38
1600	3.3	0.1016	31.7	0.00251435	133.402
200	8.9	0.1016	39.6	0.0124596	133.42
3150	4.8	0.0254	39.6	0.000907475	133.436
800	5.3	0.2286	71.3	0.0051942	133.48
200	8.9	0.1016	71.3	0.0103088	133.503
1600	0	0.1016	31.7	0.00150092	133.553
3150	4.2	0.0508	39.6	0.00152689	133.587
4000	4.2	0.0508	71.3	0.00142788	133.598
630	11.2	0.0508	71.3	0.014072	133.611
1600	3.3	0.1016	55.5	0.002211	133.649
2000	3.3	0.1016	55.5	0.002211	133.649
1600	6.7	0.1016	55.5	0.0052139	133.653
1600	3.3	0.1016	71.3	0.00202822	133.664
2500	0	0.0254	71.3	0.000400682	133.707
3150	4.2	0.0508	71.3	0.00142788	133.728
1600	9.5	0.0254	71.3	0.00420654	133.756
3150	12.7	0.0254	71.3	0.0121808	133.758
630	7.3	0.2286	71.3	0.0104404	133.768
500	12.3	0.1016	55.5	0.0368233	133.774
800	11.2	0.0508	39.6	0.0150478	133.79
500	8.9	0.1016	39.6	0.0124596	133.79
315	15.6	0.1016	71.3	0.0437259	133.808
1600	8.4	0.0508	71.3	0.00529514	133.846
2500	4.2	0.0508	39.6	0.00152689	133.847
2500	3.3	0.1016	71.3	0.00202822	133.894
4000	4.8	0.0254	55.5	0.000873218	133.924
2500	0	0.0508	55.5	0.00076193	133.956
1000	5.3	0.2286	71.3	0.0051942	134
1250	3.3	0.1016	31.7	0.00251435	134.022
2000	3.3	0.1016	71.3	0.00202822	134.034
2000	9.5	0.0254	55.5	0.0043284	134.052
2500	12.7	0.0254	71.3	0.0121808	134.058
400	15.6	0.1016	71.3	0.0437259	134.058
4000	0	0.0508	31.7	0.000812164	134.11
1250	5.4	0.1524	71.3	0.00401199	134.111
2500	9.5	0.0254	55.5	0.0043284	134.152
2500	8.4	0.0508	71.3	0.00529514	134.226
10000	0	0.0254	31.7	0.000439472	134.227
2000	12.7	0.0254	71.3	0.0121808	134.228
4000	9.5	0.0254	71.3	0.00420654	134.236
1000	22.2	0.0254	71.3	0.0214178	134.247
3150	4.8	0.0254	31.7	0.000930789	134.268
1000	7.2	0.1524	71.3	0.00752039	134.273
5000	0	0.0508	39.6	0.000791822	134.308
200	9.9	0.1524	71.3	0.0193001	134.319
6300	4.8	0.0254	39.6	0.000907475	134.336
250	8.9	0.1016	39.6	0.0124596	134.34
4000	0	0.0508	71.3	0.000740478	134.43
5000	0	0.0508	71.3	0.000740478	134.43
2000	8.4	0.0508	71.3	0.00529514	134.476
800	6.7	0.1016	71.3	0.00478288	134.478
6300	4.8	0.0254	71.3	0.000848633	134.498
1000	6.7	0.1016	39.6	0.00578076	134.515
1600	12.7	0.0254	71.3	0.0121808	134.528
250	8.9	0.1016	71.3	0.0103088	134.533
5000	0	0.0508	55.5	0.00076193	134.556
10000	0	0.0254	55.5	0.00041229	134.563
2000	6.7	0.1016	71.3	0.00478288	134.568
800	6.7	0.1016	39.6	0.00578076	134.625
3150	0	0.0508	55.5	0.00076193	134.826
630	7.2	0.1524	71.3	0.00752039	134.853
2500	0	0.0508	31.7	0.000812164	134.87
4000	4.8	0.0254	71.3	0.000848633	134.928
2500	0	0.0508	39.6	0.000791822	134.938
4000	0	0.0508	55.5	0.00076193	134.946
2000	9.5	0.0254	71.3	0.00420654	134.976
6300	0	0.0254	71.3	0.000400682	134.987
4000	4.8	0.0254	39.6	0.000907475	134.996
3150	0	0.0508	71.3	0.000740478	135.07
400	9.9	0.1524	71.3	0.0193001	135.079
6300	4.8	0.0254	55.5	0.000873218	135.164
1600	11.2	0.0508	71.3	0.014072	135.191
3150	0	0.0254	31.7	0.000439472	135.227
200	7.3	0.2286	55.5	0.0111706	135.234
5000	4.8	0.0254	31.7	0.000930789	135.248
4000	0	0.0508	39.6	0.000791822	135.308
800	17.4	0.0254	39.6	0.0172206	135.324
4000	4.8	0.0254	31.7	0.000930789	135.328
250	9.9	0.1524	71.3	0.0193001	135.329
4000	0	0.0254	39.6	0.000428464	135.346
630	12.3	0.1016	71.3	0.0337792	135.368
315	8.9	0.1016	39.6	0.0124596	135.38
5000	4.8	0.0254	39.6	0.000907475	135.426
1000	8.9	0.1016	71.3	0.0103088	135.433
315	9.9	0.1524	71.3	0.0193001	135.459
5000	4.8	0.0254	71.3	0.000848633	135.468
5000	4.8	0.0254	55.5	0.000873218	135.484
3150	0	0.0508	31.7	0.000812164	135.49
400	8.9	0.1016	39.6	0.0124596	135.54
315	12.3	0.1016	55.5	0.0368233	135.674
5000	0	0.0254	55.5	0.00041229	135.803
8000	0	0.0254	39.6	0.000428464	135.866
400	7.3	0.2286	55.5	0.0111706	135.924
3150	0	0.0508	39.6	0.000791822	135.938
800	6.7	0.1016	55.5	0.0052139	135.953
2500	9.5	0.0254	71.3	0.00420654	135.956
800	7.2	0.1524	71.3	0.00752039	136.023
800	11.2	0.0508	71.3	0.014072	136.031
6300	0	0.0254	55.5	0.00041229	136.103
8000	0	0.0254	55.5	0.00041229	136.163
3150	9.5	0.0254	71.3	0.00420654	136.166
1250	11.2	0.0508	71.3	0.014072	136.191
315	7.3	0.2286	55.5	0.0111706	136.284
250	7.3	0.2286	55.5	0.0111706	136.384
400	12.3	0.1016	55.5	0.0368233	136.414
5000	0	0.0254	39.6	0.000428464	136.536
315	8.9	0.1016	71.3	0.0103088	136.583
1600	6.7	0.1016	71.3	0.00478288	136.678
1000	6.7	0.1016	71.3	0.00478288	136.758
500	7.3	0.2286	71.3	0.0104404	136.798
6300	0	0.0254	39.6	0.000428464	136.826
5000	0	0.0254	71.3	0.000400682	136.837
1250	6.7	0.1016	55.5	0.0052139	136.883
630	17.4	0.0254	31.7	0.0176631	136.886
1000	11.2	0.0508	71.3	0.014072	136.941
3150	0	0.0254	71.3	0.000400682	137.007
630	22.2	0.0254	39.6	0.0229028	137.026
4000	0	0.0254	31.7	0.000439472	137.047
315	12.3	0.1016	71.3	0.0337792	137.068
800	22.2	0.0254	39.6	0.0229028	137.076
8000	0	0.0254	31.7	0.000439472	137.207
1000	6.7	0.1016	55.5	0.0052139	137.233
1250	6.7	0.1016	71.3	0.00478288	137.658
800	8.9	0.1016	71.3	0.0103088	137.813
400	8.9	0.1016	71.3	0.0103088	138.123
1000	17.4	0.0254	39.6	0.0172206	138.274
630	8.9	0.1016	71.3	0.0103088	138.423
500	8.9	0.1016	71.3	0.0103088	138.523
6300	0	0.0254	31.7	0.000439472	138.537
4000	0	0.0254	71.3	0.000400682	138.557
5000	0	0.0254	31.7	0.000439472	138.607
200	7.3	0.2286	71.3	0.0104404	138.758
800	17.4	0.0254	31.7	0.0176631	139.226
400	12.3	0.1016	71.3	0.0337792	139.428
400	7.3	0.2286	71.3	0.0104404	139.438
315	7.3	0.2286	71.3	0.0104404	139.808
250	7.3	0.2286	71.3	0.0104404	139.918
500	12.3	0.1016	71.3	0.0337792	140.158
1250	22.2	0.0254	71.3	0.0214178	140.987